3
6
9
14
16
18
19
27
28
44
53
59
63
68
73
75
78
82
85
91
95
104
107
108
120
123
125
125
127
131
142
148
149
158
164
164
173
174
185
187
189
190
191
199
208
209
211
211
211
215
216
223
223
230
231
233
233
236
240
240
249
250
253
256
258
258
259
261
261
263
264
265
265
267
280
280
286
287
289
290
296
300
306
310
312
313
314
320
321
323
328
331
332
334
344
347
348
349
352
357
360
368
373
383
386
389
390
391
397
398
405
406
407
408
409
414
417
422
423
423
445
446
450
453
457
461
467
469
472
474
475
477
483
486
489
494
494
498
499
502
508
514
514
519
519
526
528
530
538
539
544
544
558
564
579
579
591
594
594
595
600
601
610
611
613
614
617
626
628
632
632
632
634
635
636
638
638
642
646
651
661
665
666
667
667
670
674
674
676
682
684
688
700
701
706
708
711
711
724
725
726
735
740
742
742
747
750
751
751
753
760
765
769
770
772
774
777
793
794
801
803
806
808
808
813
820
829
833
835
836
837
837
842
843
844
849
851
852
852
856
864
869
870
871
874
874
875
876
877
877
887
887
888
894
898
900
907
916
929
933
934
936
937
938
938
938
946
948
953
957
962
963
965
966
973
974
975
976
978
980
984
985
987
989
989
993
994
997
997
998
999
999
1004
1005
1008
1008
1009
1012
1013
1015
1015
1016
1020
1022
1023
1027
1031
1035
1038
1039
1040
1052
1053
1058
1060
1060
1067
1070
1070
1083
1084
1087
1097
1098
1098
1103
1108
1113
1114
1115
1120
1123
1123
1131
1132
1133
1137
1140
1142
1145
1146
1147
1149
1152
1155
1155
1156
1169
1171
1177
1184
1189
1191
1192
1201
1202
1202
1204
1205
1217
1218
1219
1220
1229
1231
1231
1231
1232
1248
1252
1256
1264
1270
1282
1283
1284
1284
1291
1291
1295
1296
1299
1300
1304
1310
1311
1313
1313
1317
1317
1318
1318
1320
1321
1328
1331
1332
1332
1336
1344
1351
1354
1381
1386
1387
1389
1397
1399
1405
1416
1419
1426
1435
1441
1441
1441
1450
1454
1454
1455
1459
1463
1469
1478
1483
1486
1487
1491
1506
1512
1513
1516
1519
1520
1524
1528
1529
1531
1532
1534
1535
1537
1540
1545
1552
1555
1555
1557
1558
1561
1567
1568
1569
1570
1571
1572
1580
1582
1588
1588
1594
1596
1598
1598
1605
1605
1608
1610
1619
1619
1620
1621
1623
1624
1627
1634
1637
1640
1644
1652
1655
1655
1657
1658
1661
1670
1674
1676
1676
1683
1689
1691
1691
1693
1694
1704
1710
1711
1725
1725
1728
1736
1740
1744
1745
1745
1747
1749
1753
1759
1765
1769
1771
1775
1776
1776
1781
1787
1789
1793
1796
1803
1804
1805
1809
1810
1810
1815
1816
1824
1825
1826
1827
1829
1830
1831
1833
1834
1836
1838
1843
1843
1844
1846
1846
1849
1851
1852
1854
1855
1869
1870
1881
1881
1882
1883
1888
1888
1898
1906
1907
1914
1915
1918
1921
1924
1925
1933
1934
1941
1946
1949
1950
1953
1961
1966
1966
1967
1968
1972
1972
1975
1977
1982
1988
1989
1993
1994
1994
1994
1995
1996
1997
2001
2003
2004
2007
2009
2011
2014
2021
2025
2026
2026
2028
2032
2036
2038
2040
2041
2043
2056
2062
2066
2067
2069
2087
2088
2090
2091
2094
2098
2104
2105
2109
2116
2117
2117
2120
2126
2126
2132
2133
2139
2141
2141
2142
2142
2153
2155
2155
2156
2156
2160
2161
2168
2170
2172
2181
2182
2187
2187
2196
2200
2202
2205
2208
2209
2210
2210
2210
2210
2215
2215
2216
2219
2225
2230
2232
2236
2237
2246
2252
2259
2262
2263
2264
2264
2267
2270
2280
2283
2285
2299
2299
2301
2305
2306
2318
2322
2325
2326
2327
2338
2343
2344
2358
2361
2364
2368
2374
2380
2384
2389
2391
2401
2411
2417
2417
2427
2434
2437
2443
2451
2453
2457
2457
2462
2463
2464
2472
2472
2474
2477
2479
2481
2484
2486
2487
2492
2497
2501
2503
2503
2512
2514
2515
2516
2516
2516
2521
2522
2524
2534
2540
2541
2543
2543
2550
2550
2552
2553
2565
2571
2581
2594
2595
2598
2601
2602
2610
2611
2622
2624
2628
2633
2639
2643
2648
2650
2650
2654
2663
2666
2668
2668
2682
2691
2692
2693
2702
2706
2706
2709
2709
2710
2713
2715
2724
2731
2732
2734
2735
2738
2748
2749
2751
2769
2769
2771
2776
2782
2784
2786
2788
2789
2792
2793
2797
2806
2806
2808
2810
2812
2814
2816
2817
2818
2818
2819
2819
2820
2821
2821
2828
2831
2835
2835
2839
2840
2843
2845
2847
2849
2849
2851
2851
2856
2859
2860
2861
2865
2870
2877
2877
2878
2880
2884
2891
2898
2899
2899
2900
2901
2902
2904
2907
2918
2920
2920
2925
2931
2939
2941
2945
2947
2958
2958
2969
2975
2975
2977
2980
2982
2983
2995
2998
2999
3003
3004
3005
3007
3008
3008
3014
3015
3019
3022
3028
3031
3032
3035
3037
3037
3039
3041
3042
3046
3049
3051
3059
3060
3064
3064
3068
3073
3085
3086
3089
3089
3095
3097
3102
3103
3107
3107
3107
3111
3112
3112
3118
3121
3124
3125
3128
3137
3138
3141
3147
3149
3153
3155
3169
3170
3174
3176
3176
3180
3183
3184
3193
3197
3202
3208
3210
3212
3215
3216
3226
3237
3238
3239
3242
3243
3245
3255
3257
3258
3258
3261
3263
3263
3263
3264
3270
3271
3271
3273
3274
3277
3284
3286
3287
3288
3289
3289
3290
3298
3298
3301
3303
3319
3324
3325
3329
3336
3340
3343
3343
3349
3350
3350
3358
3359
3361
3363
3364
3365
3369
3369
3370
3372
3374
3380
3383
3387
3388
3392
3396
3398
3398
3409
3410
3413
3416
3416
3419
3424
3425
3427
3429
3440
3441
3442
3454
3459
3463
3467
3476
3485
3488
3495
3509
3511
3511
3512
3515
3518
3524
3525
3526
3530
3533
3542
3547
3558
3565
3571
3573
3573
3575
3575
3577
3578
3580
3582
3582
3585
3585
3585
3588
3591
3594
3595
3599
3603
3604
3607
3608
3609
3611
3611
3612
3614
3621
3622
3622
3625
3626
3634
3641
3643
3644
3646
3647
3653
3654
3657
3664
3667
3668
3672
3680
3684
3691
3693
3711
3714
3715
3715
3717
3718
3719
3721
3724
3729
3730
3732
3739
3741
3741
3745
3746
3753
3756
3761
3761
3762
3767
3782
3783
3785
3792
3793
3793
3795
3795
3795
3796
3804
3805
3810
3810
3812
3817
3822
3823
3828
3828
3828
3829
3833
3835
3841
3844
3845
3848
3852
3855
3855
3856
3859
3863
3865
3870
3872
3877
3878
3882
3883
3885
3891
3892
3901
3910
3912
3913
3916
3917
3917
3918
3918
3926
3937
3938
3945
3949
3956
3960
3960
3963
3963
3963
3966
3969
3970
3971
3978
3984
3990
3991
3997
4000
4002
4007
4013
4016
4021
4021
4030
4036
4038
4039
4047
4051
4054
4055
4059
4073
4074
4077
4082
4096
4100
4101
4102
4103
4104
4105
4114
4123
4125
4127
4127
4127
4130
4135
4145
4146
4148
4149
4151
4157
4158
4166
4169
4177
4179
4181
4185
4186
4189
4190
4192
4194
4195
4200
4200
4202
4211
4213
4214
4218
4219
4224
4228
4228
4231
4232
4233
4240
4248
4249
4249
4253
4259
4262
4263
4263
4266
4267
4268
4270
4273
4278
4280
4280
4284
4288
4295
4296
4303
4306
4311
4313
4314
4316
4319
4332
4339
4341
4349
4349
4363
4364
4365
4369
4370
4372
4377
4378
4380
4382
4386
4387
4388
4393
4402
4407
4408
4412
4422
4423
4423
4423
4426
4437
4438
4439
4447
4453
4455
4464
4465
4470
4473
4473
4477
4478
4481
4486
4490
4491
4494
4494
4494
4496
4499
4503
4508
4509
4514
4516
4518
4518
4518
4519
4524
4529
4530
4532
4539
4544
4547
4548
4549
4550
4552
4557
4563
4564
4564
4567
4572
4572
4574
4575
4580
4590
4590
4594
4596
4602
4610
4612
4613
4614
4619
4630
4636
4636
4637
4643
4644
4646
4654
4656
4663
4667
4668
4670
4671
4687
4693
4705
4708
4713
4719
4723
4727
4727
4730
4731
4733
4738
4741
4757
4762
4766
4771
4773
4777
4779
4783
4785
4792
4794
4799
4800
4801
4802
4803
4806
4809
4810
4811
4813
4815
4818
4824
4825
4828
4830
4830
4838
4840
4843
4849
4849
4849
4853
4864
4865
4865
4868
4872
4878
4882
4883
4884
4892
4894
4895
4897
4898
4902
4909
4911
4913
4914
4920
4921
4922
4929
4931
4934
4953
4953
4964
4967
4968
4971
4980
4981
4987
4990
4991
4997
5000
5021
5027
5027
5029
5049
5053
5055
5057
5064
5065
5066
5067
5068
5068
5069
5072
5072
5076
5077
5079
5081
5086
5089
5091
5091
5098
5101
5101
5106
5111
5111
5112
5113
5116
5121
5121
5123
5127
5128
5131
5131
5132
5135
5137
5138
5140
5141
5152
5153
5168
5172
5175
5179
5185
5187
5194
5194
5199
5203
5206
5211
5211
5213
5214
5215
5223
5224
5224
5225
5229
5234
5243
5265
5267
5268
5269
5270
5270
5276
5279
5280
5281
5289
5292
5292
5293
5298
5307
5309
5309
5310
5317
5321
5326
5340
5343
5355
5357
5360
5361
5362
5364
5364
5365
5368
5391
5391
5397
5401
5403
5407
5408
5408
5410
5411
5412
5412
5414
5416
5416
5416
5420
5427
5428
5429
5432
5436
5451
5452
5453
5453
5458
5458
5459
5460
5474
5475
5477
5487
5495
5496
5499
5501
5505
5511
5514
5516
5519
5523
5526
5533
5537
5541
5544
5547
5548
5553
5554
5562
5563
5563
5565
5571
5572
5576
5579
5584
5585
5587
5588
5589
5597
5603
5603
5612
5620
5621
5623
5634
5635
5641
5644
5653
5655
5655
5657
5659
5666
5668
5669
5671
5671
5683
5683
5687
5691
5701
5702
5706
5707
5709
5710
5719
5721
5726
5728
5732
5735
5735
5741
5741
5742
5747
5753
5758
5765
5765
5771
5771
5780
5780
5780
5790
5791
5793
5795
5798
5800
5802
5803
5811
5814
5822
5828
5828
5832
5832
5834
5836
5837
5841
5843
5843
5851
5861
5862
5869
5872
5875
5889
5889
5890
5906
5914
5918
5920
5927
5929
5937
5940
5940
5944
5945
5951
5952
5953
5957
5963
5965
5971
5975
5976
5979
6016
6017
6017
6019
6020
6022
6027
6028
6034
6035
6036
6038
6039
6042
6043
6043
6045
6053
6053
6055
6056
6059
6059
6065
6066
6073
6077
6077
6079
6086
6094
6102
6104
6106
6112
6115
6120
6127
6127
6128
6129
6133
6133
6135
6145
6150
6156
6162
6168
6181
6181
6182
6186
6193
6203
6204
6215
6215
6224
6230
6238
6241
6242
6243
6244
6254
6254
6254
6260
6262
6263
6266
6269
6271
6283
6286
6288
6299
6308
6318
6320
6322
6329
6330
6336
6339
6343
6344
6347
6349
6350
6353
6354
6355
6358
6361
6367
6380
6384
6391
6392
6394
6397
6397
6397
6398
6409
6412
6413
6415
6417
6417
6423
6426
6429
6430
6432
6438
6441
6450
6462
6466
6472
6476
6476
6476
6479
6479
6481
6482
6482
6484
6491
6493
6494
6495
6496
6498
6500
6505
6505
6511
6526
6530
6532
6532
6534
6534
6534
6535
6538
6545
6548
6548
6549
6549
6550
6552
6553
6559
6562
6563
6572
6573
6575
6579
6581
6583
6585
6588
6591
6603
6607
6613
6616
6617
6619
6620
6620
6622
6623
6625
6633
6640
6661
6662
6666
6674
6675
6677
6682
6685
6690
6690
6690
6694
6698
6702
6705
6709
6710
6718
6719
6719
6720
6726
6728
6732
6733
6735
6737
6744
6746
6748
6752
6753
6758
6761
6764
6765
6776
6777
6780
6783
6788
6788
6790
6792
6797
6808
6811
6818
6818
6831
6832
6833
6835
6836
6837
6839
6846
6850
6852
6860
6864
6869
6869
6871
6872
6872
6886
6886
6887
6892
6894
6895
6895
6899
6900
6900
6902
6902
6902
6905
6911
6913
6916
6918
6923
6923
6925
6932
6933
6942
6943
6946
6952
6953
6955
6957
6961
6965
6967
6971
6971
6973
6976
6977
6984
6988
6988
6988
6988
6988
6989
6992
6993
7005
7012
7015
7018
7022
7031
7035
7038
7039
7042
7044
7053
7056
7058
7058
7060
7065
7067
7069
7081
7084
7086
7090
7091
7099
7099
7102
7102
7105
7106
7112
7112
7113
7115
7116
7117
7122
7122
7123
7124
7128
7130
7130
7130
7132
7136
7140
7140
7142
7148
7148
7154
7164
7165
7166
7168
7171
7171
7188
7190
7191
7192
7195
7197
7201
7203
7206
7206
7209
7210
7214
7215
7220
7225
7225
7227
7228
7235
7243
7245
7246
7250
7252
7259
7267
7270
7273
7273
7276
7277
7278
7286
7288
7288
7292
7293
7295
7296
7296
7298
7301
7302
7309
7313
7313
7314
7314
7319
7323
7333
7337
7338
7339
7346
7348
7350
7350
7357
7361
7362
7367
7368
7379
7387
7398
7410
7415
7420
7422
7422
7428
7430
7432
7433
7434
7435
7437
7438
7444
7444
7444
7452
7456
7459
7463
7466
7469
7471
7473
7475
7481
7484
7487
7493
7495
7497
7501
7503
7510
7514
7517
7521
7524
7526
7529
7531
7532
7537
7538
7539
7540
7541
7546
7547
7548
7551
7552
7552
7562
7564
7564
7571
7575
7581
7587
7589
7590
7592
7603
7604
7609
7611
7613
7616
7618
7624
7627
7630
7633
7634
7639
7644
7647
7647
7652
7657
7658
7664
7665
7669
7673
7674
7676
7679
7685
7687
7690
7693
7694
7701
7708
7708
7709
7710
7716
7717
7718
7720
7721
7723
7728
7729
7729
7732
7746
7749
7753
7767
7767
7768
7771
7771
7781
7786
7787
7788
7790
7793
7795
7797
7802
7803
7806
7810
7811
7817
7819
7827
7827
7829
7833
7836
7840
7850
7859
7872
7876
7876
7876
7876
7879
7880
7881
7882
7893
7894
7901
7905
7908
7910
7910
7914
7916
7916
7923
7925
7926
7931
7932
7934
7935
7943
7945
7949
7954
7956
7960
7961
7962
7965
7969
7972
7975
7977
7981
7981
7982
7983
7986
7988
7988
7988
7998
8006
8020
8022
8023
8030
8039
8049
8052
8052
8055
8058
8066
8066
8077
8079
8080
8081
8081
8086
8098
8100
8100
8100
8101
8102
8111
8117
8118
8120
8123
8123
8124
8125
8127
8128
8133
8134
8136
8136
8139
8140
8141
8145
8146
8148
8148
8150
8150
8151
8151
8168
8171
8174
8179
8184
8184
8189
8195
8201
8202
8202
8207
8210
8210
8210
8210
8211
8211
8212
8218
8221
8254
8257
8266
8269
8272
8273
8274
8275
8276
8283
8285
8292
8294
8296
8297
8297
8298
8305
8306
8309
8311
8313
8315
8321
8323
8326
8328
8329
8331
8333
8333
8340
8342
8344
8348
8353
8357
8358
8361
8361
8362
8363
8365
8367
8373
8382
8383
8389
8391
8396
8398
8402
8410
8411
8420
8421
8424
8427
8427
8435
8437
8438
8438
8441
8444
8447
8449
8449
8451
8453
8455
8460
8463
8465
8466
8469
8474
8476
8476
8476
8476
8476
8477
8482
8483
8485
8494
8496
8501
8502
8503
8506
8508
8509
8512
8515
8518
8520
8524
8531
8533
8541
8542
8544
8547
8548
8549
8559
8559
8562
8563
8564
8568
8570
8577
8581
8586
8590
8591
8593
8596
8601
8604
8605
8606
8615
8619
8625
8625
8628
8633
8635
8638
8646
8646
8648
8648
8654
8656
8657
8658
8659
8666
8667
8671
8678
8679
8680
8689
8691
8692
8693
8695
8695
8699
8699
8700
8703
8705
8710
8712
8715
8715
8718
8718
8721
8722
8735
8735
8737
8742
8746
8756
8756
8759
8760
8761
8763
8763
8768
8773
8783
8788
8789
8790
8793
8795
8795
8797
8798
8798
8798
8800
8805
8813
8817
8821
8834
8842
8845
8850
8852
8856
8859
8860
8864
8866
8870
8870
8872
8876
8878
8879
8881
8882
8886
8899
8904
8907
8908
8908
8917
8917
8927
8928
8931
8931
8936
8944
8948
8949
8949
8952
8954
8963
8972
8978
8980
8987
8991
8995
8995
8996
8997
8999
9002
9004
9009
9014
9015
9017
9019
9020
9020
9030
9033
9034
9035
9038
9045
9047
9049
9052
9061
9061
9067
9072
9072
9074
9074
9078
9078
9084
9093
9095
9096
9097
9099
9099
9102
9116
9117
9118
9118
9128
9129
9129
9135
9143
9144
9153
9153
9155
9163
9165
9165
9166
9170
9170
9171
9172
9173
9178
9178
9179
9181
9191
9191
9192
9194
9195
9195
9196
9197
9203
9206
9207
9210
9212
9215
9218
9220
9223
9228
9231
9231
9245
9245
9246
9247
9248
9259
9260
9263
9268
9269
9281
9289
9291
9293
9293
9306
9306
9313
9314
9315
9316
9330
9331
9335
9335
9339
9343
9346
9350
9364
9366
9369
9370
9372
9374
9374
9379
9380
9381
9383
9385
9385
9391
9392
9397
9397
9399
9401
9402
9404
9407
9409
9410
9411
9411
9416
9416
9418
9422
9423
9423
9425
9425
9426
9432
9437
9440
9441
9442
9444
9453
9456
9456
9459
9462
9465
9466
9468
9469
9471
9471
9472
9472
9472
9472
9472
9472
9474
9475
9477
9477
9479
9480
9481
9483
9489
9490
9490
9497
9501
9511
9514
9523
9523
9524
9539
9544
9547
9552
9554
9555
9559
9565
9565
9567
9569
9570
9573
9573
9575
9577
9581
9582
9582
9584
9588
9591
9593
9604
9606
9612
9613
9617
9624
9625
9625
9626
9629
9634
9640
9641
9643
9645
9649
9652
9655
9656
9656
9659
9659
9660
9661
9663
9665
9674
9688
9698
9698
9705
9705
9708
9708
9711
9714
9717
9718
9723
9724
9730
9736
9739
9740
9744
9744
9749
9751
9754
9760
9761
9762
9765
9766
9769
9774
9783
9785
9786
9787
9793
9794
9795
9795
9805
9807
9808
9814
9817
9824
9824
9827
9831
9831
9842
9847
9855
9858
9858
9860
9865
9865
9866
9874
9880
9881
9882
9883
9884
9888
9892
9899
9907
9908
9916
9917
9919
9922
9928
9931
9939
9945
9950
9951
9952
9960
9966
9967
9970
9973
9973
9979
9980
9982
9983
9986
9994
10001
10012
10014
10014
10015
10015
10018
10020
10025
10025
10025
10029
10032
10033
10040
10045
10048
10048
10052
10058
10059
10060
10064
10077
10083
10084
10087
10087
10091
10093
10098
10101
10104
10107
10109
10109
10117
10121
10121
10127
10129
10132
10134
10134
10154
10174
10192
10194
10194
10197
10201
10203
10204
10208
10215
10215
10216
10221
10227
10239
10240
10244
10246
10251
10253
10253
10264
10265
10278
10282
10291
10292
10293
10299
10300
10307
10312
10315
10319
10330
10341
10347
10348
10359
10361
10361
10361
10362
10362
10363
10367
10370
10371
10371
10378
10383
10386
10387
10388
10389
10389
10391
10393
10399
10403
10419
10424
10426
10427
10439
10439
10443
10447
10451
10454
10454
10456
10457
10458
10463
10475
10475
10476
10477
10483
10484
10488
10500
10500
10501
10502
10507
10508
10508
10510
10513
10513
10535
10536
10538
10539
10540
10544
10545
10547
10549
10550
10553
10568
10577
10587
10590
10595
10597
10598
10602
10603
10606
10607
10609
10611
10620
10621
10622
10626
10634
10634
10636
10639
10644
10649
10654
10655
10658
10658
10659
10663
10665
10668
10668
10669
10669
10669
10670
10672
10673
10675
10676
10679
10683
10685
10688
10688
10690
10691
10697
10697
10698
10698
10700
10706
10708
10713
10715
10716
10720
10720
10721
10723
10726
10728
10735
10738
10745
10745
10751
10753
10755
10765
10768
10775
10778
10780
10781
10786
10789
10790
10793
10793
10797
10798
10799
10799
10799
10802
10802
10804
10807
10813
10817
10817
10821
10822
10823
10828
10829
10831
10833
10840
10845
10846
10848
10849
10849
10858
10866
10867
10867
10878
10881
10881
10885
10887
10888
10893
10894
10895
10898
10898
10903
10911
10914
10919
10922
10929
10929
10933
10942
10942
10942
10944
10944
10948
10948
10952
10958
10960
10970
10971
10981
10983
10984
10984
10996
10998
10999
10999
11000
11003
11004
11005
11007
11011
11011
11012
11020
11021
11021
11022
11023
11025
11026
11026
11027
11030
11030
11032
11040
11045
11046
11049
11051
11052
11053
11058
11061
11067
11068
11072
11073
11082
11083
11083
11083
11083
11087
11090
11100
11102
11103
11106
11112
11128
11129
11145
11147
11149
11152
11159
11162
11165
11166
11171
11171
11175
11178
11179
11183
11185
11187
11187
11191
11192
11195
11196
11197
11197
11197
11205
11207
11211
11215
11217
11223
11223
11226
11228
11231
11237
11238
11238
11247
11249
11252
11258
11261
11264
11274
11280
11280
11284
11291
11292
11298
11299
11300
11303
11307
11312
11327
11331
11332
11340
11341
11348
11354
11369
11371
11374
11377
11379
11379
11386
11387
11389
11390
11392
11393
11394
11394
11397
11397
11398
11402
11404
11407
11407
11409
11411
11412
11415
11417
11422
11429
11431
11457
11458
11459
11462
11472
11481
11482
11484
11493
11501
11503
11505
11506
11513
11513
11530
11530
11533
11533
11537
11549
11554
11556
11556
11561
11577
11579
11580
11581
11582
11586
11586
11592
11593
11593
11594
11611
11615
11615
11615
11619
11626
11628
11633
11636
11638
11639
11640
11641
11644
11645
11647
11648
11651
11654
11664
11666
11667
11671
11672
11673
11685
11687
11690
11693
11703
11704
11706
11714
11715
11722
11723
11723
11723
11726
11729
11732
11735
11736
11738
11743
11746
11746
11748
11750
11751
11752
11752
11752
11753
11757
11757
11760
11761
11768
11770
11772
11776
11782
11783
11786
11788
11789
11794
11798
11800
11801
11803
11803
11804
11806
11808
11821
11823
11827
11828
11834
11838
11841
11849
11850
11850
11855
11873
11875
11876
11881
11887
11888
11900
11906
11908
11911
11913
11914
11914
11924
11924
11925
11927
11937
11946
11948
11949
11961
11965
11971
11980
11982
11985
11987
11988
11993
11997
12004
12009
12012
12013
12014
12014
12017
12019
12019
12024
12027
12028
12034
12038
12040
12044
12047
12050
12051
12055
12066
12068
12069
12069
12077
12083
12088
12089
12090
12100
12100
12104
12117
12120
12124
12125
12126
12126
12128
12128
12128
12129
12136
12141
12141
12144
12146
12150
12155
12158
12161
12164
12165
12167
12168
12169
12180
12183
12185
12185
12186
12188
12190
12193
12194
12195
12197
12197
12199
12199
12205
12211
12214
12218
12219
12223
12226
12226
12237
12239
12241
12249
12256
12262
12264
12266
12274
12276
12276
12277
12277
12277
12284
12286
12290
12291
12291
12294
12309
12309
12311
12320
12321
12322
12323
12325
12330
12331
12335
12339
12339
12345
12346
12348
12349
12351
12361
12361
12362
12365
12365
12369
12370
12372
12379
12381
12391
12400
12402
12402
12405
12409
12411
12412
12419
12420
12420
12426
12459
12460
12461
12463
12472
12473
12478
12481
12483
12493
12497
12512
12516
12519
12520
12523
12523
12524
12525
12528
12528
12528
12530
12540
12542
12545
12548
12549
12549
12553
12559
12561
12575
12575
12576
12577
12583
12583
12583
12587
12595
12598
12599
12599
12605
12607
12609
12610
12615
12615
12620
12621
12623
12626
12629
12637
12641
12648
12651
12652
12655
12658
12660
12660
12661
12662
12664
12667
12675
12679
12681
12684
12684
12684
12695
12695
12696
12696
12701
12706
12710
12711
12711
12718
12718
12721
12723
12726
12726
12735
12735
12742
12743
12745
12747
12752
12752
12757
12765
12765
12766
12768
12774
12775
12775
12777
12780
12783
12784
12785
12785
12787
12788
12794
12796
12796
12798
12798
12801
12812
12812
12815
12816
12822
12822
12829
12834
12836
12841
12845
12852
12864
12865
12867
12869
12871
12873
12879
12885
12888
12888
12890
12891
12893
12905
12907
12912
12912
12913
12917
12922
12922
12925
12926
12929
12932
12934
12942
12943
12943
12946
12947
12953
12953
12963
12964
12965
12967
12967
12979
12980
12981
12983
12990
12993
13001
13002
13006
13008
13010
13013
13025
13035
13036
13036
13041
13046
13047
13050
13056
13059
13060
13061
13063
13067
13073
13076
13080
13087
13093
13094
13095
13103
13110
13116
13122
13124
13124
13125
13126
13128
13129
13133
13135
13141
13147
13149
13153
13158
13160
13160
13163
13164
13170
13170
13170
13171
13172
13181
13182
13199
13207
13210
13210
13212
13218
13221
13224
13225
13225
13226
13227
13238
13245
13253
13264
13268
13271
13273
13274
13289
13294
13295
13297
13305
13308
13312
13313
13314
13317
13320
13320
13321
13325
13329
13332
13332
13335
13337
13338
13341
13344
13344
13352
13354
13355
13357
13358
13370
13372
13372
13373
13376
13379
13383
13386
13398
13409
13413
13413
13419
13420
13421
13425
13426
13427
13430
13433
13434
13444
13445
13449
13451
13452
13457
13463
13472
13475
13477
13479
13481
13490
13494
13495
13496
13502
13508
13509
13509
13510
13513
13519
13531
13531
13532
13533
13537
13538
13540
13540
13542
13555
13558
13560
13561
13566
13571
13572
13580
13582
13585
13586
13586
13587
13587
13589
13589
13590
13591
13596
13602
13608
13612
13619
13623
13625
13627
13628
13629
13635
13636
13642
13643
13643
13644
13647
13649
13649
13650
13653
13661
13661
13665
13673
13674
13678
13679
13686
13692
13693
13693
13699
13700
13702
13704
13719
13721
13727
13727
13733
13737
13743
13747
13747
13751
13753
13754
13755
13757
13761
13762
13764
13766
13766
13776
13778
13784
13784
13787
13792
13795
13798
13800
13809
13811
13816
13816
13816
13817
13823
13823
13823
13824
13829
13830
13833
13833
13835
13843
13844
13845
13846
13855
13864
13865
13867
13867
13872
13874
13876
13876
13887
13889
13898
13899
13904
13906
13906
13916
13918
13919
13922
13922
13922
13929
13932
13932
13933
13938
13939
13940
13942
13944
13947
13948
13954
13954
13955
13959
13960
13965
13970
13972
13979
13979
13980
13982
13982
13982
13984
13987
13993
13995
13997
13997
14000
14000
14000
14004
14005
14009
14009
14010
14010
14012
14016
14016
14017
14024
14028
14028
14030
14031
14035
14037
14037
14043
14044
14044
14053
14055
14057
14060
14061
14068
14070
14071
14074
14075
14076
14078
14080
14087
14089
14093
14101
14104
14104
14106
14110
14114
14118
14119
14130
14136
14136
14137
14147
14152
14160
14162
14162
14168
14172
14177
14177
14178
14180
14181
14184
14185
14186
14187
14188
14190
14195
14200
14201
14207
14213
14218
14219
14221
14226
14231
14234
14234
14241
14242
14242
14249
14252
14258
14258
14266
14268
14268
14271
14279
14280
14282
14283
14290
14292
14298
14303
14304
14308
14311
14314
14315
14315
14316
14319
14324
14324
14326
14326
14338
14338
14343
14346
14348
14352
14356
14362
14364
14369
14374
14374
14375
14391
14392
14399
14400
14403
14408
14409
14413
14428
14433
14436
14443
14445
14447
14448
14472
14472
14480
14482
14485
14490
14495
14503
14510
14512
14514
14514
14519
14521
14522
14522
14544
14549
14551
14554
14556
14556
14559
14562
14566
14567
14567
14568
14568
14572
14573
14574
14574
14575
14577
14578
14580
14581
14582
14583
14585
14588
14599
14615
14617
14621
14623
14625
14626
14643
14644
14646
14649
14649
14650
14655
14658
14666
14667
14670
14670
14671
14676
14677
14681
14681
14684
14685
14685
14686
14688
14689
14691
14692
14695
14698
14714
14719
14720
14720
14733
14741
14741
14745
14746
14746
14748
14754
14763
14777
14784
14788
14794
14797
14802
14810
14812
14813
14815
14816
14827
14828
14829
14832
14833
14835
14846
14848
14863
14867
14871
14871
14874
14875
14889
14890
14891
14891
14901
14905
14911
14911
14919
14923
14924
14931
14932
14940
14943
14947
14949
14952
14956
14957
14969
14970
14970
14972
14976
14977
14980
14982
14982
15001
15001
15011
15013
15017
15018
15022
15022
15026
15026
15027
15030
15039
15040
15045
15045
15046
15047
15050
15053
15054
15059
15060
15061
15061
15064
15065
15066
15069
15073
15082
15085
15086
15089
15093
15095
15095
15098
15102
15105
15113
15113
15121
15124
15127
15130
15133
15134
15135
15135
15137
15140
15142
15143
15143
15145
15147
15150
15161
15165
15167
15169
15170
15176
15179
15179
15182
15182
15182
15183
15184
15186
15187
15198
15202
15208
15208
15211
15214
15216
15219
15222
15223
15226
15226
15232
15233
15234
15234
15234
15235
15241
15242
15244
15245
15246
15246
15247
15248
15249
15252
15256
15259
15264
15270
15277
15280
15281
15281
15282
15286
15287
15288
15293
15296
15302
15304
15311
15317
15319
15331
15334
15335
15340
15340
15348
15348
15352
15358
15359
15360
15364
15371
15373
15376
15381
15390
15395
15398
15401
15414
15416
15418
15424
15427
15429
15431
15432
15433
15434
15437
15439
15445
15456
15463
15466
15471
15472
15472
15478
15482
15482
15485
15490
15491
15492
15495
15498
15499
15501
15503
15504
15507
15509
15511
15512
15515
15515
15517
15533
15536
15536
15537
15543
15545
15545
15549
15549
15552
15556
15558
15566
15577
15580
15598
15598
15604
15608
15608
15614
15621
15622
15631
15634
15639
15651
15651
15652
15653
15654
15657
15658
15662
15668
15675
15676
15677
15679
15680
15685
15697
15698
15700
15702
15706
15710
15712
15715
15720
15726
15729
15731
15732
15732
15736
15743
15745
15745
15746
15756
15757
15760
15768
15771
15774
15776
15776
15776
15777
15779
15781
15782
15786
15789
15791
15795
15797
15798
15804
15807
15813
15813
15821
15824
15826
15830
15832
15833
15836
15837
15839
15840
15849
15849
15854
15857
15866
15866
15878
15879
15881
15882
15884
15888
15890
15891
15901
15902
15907
15910
15911
15921
15922
15925
15926
15928
15930
15930
15931
15933
15943
15954
15955
15956
15959
15962
15966
15967
15970
15972
15975
15976
15977
15980
15982
15990
15991
15991
15992
15996
16000
16000
16001
16005
16009
16011
16018
16023
16023
16025
16027
16028
16037
16047
16048
16056
16060
16067
16075
16081
16092
16094
16095
16098
16100
16102
16104
16109
16113
16121
16130
16131
16132
16133
16135
16137
16141
16141
16142
16143
16143
16146
16147
16148
16149
16150
16157
16162
16165
16166
16172
16181
16181
16181
16183
16184
16185
16190
16192
16192
16193
16194
16194
16211
16212
16212
16216
16221
16223
16229
16229
16233
16234
16235
16237
16238
16239
16242
16242
16249
16252
16252
16252
16253
16266
16270
16273
16274
16274
16275
16276
16282
16283
16286
16289
16290
16290
16305
16306
16313
16314
16330
16337
16342
16343
16347
16351
16354
16357
16358
16360
16363
16364
16370
16375
16376
16378
16379
16385
16386
16388
16388
16399
16401
16405
16412
16414
16415
16418
16419
16424
16437
16438
16440
16442
16455
16455
16459
16463
16463
16465
16474
16478
16480
16480
16482
16483
16491
16494
16495
16496
16501
16506
16514
16515
16526
16527
16537
16539
16541
16544
16547
16550
16560
16561
16563
16564
16567
16573
16573
16575
16575
16576
16577
16577
16577
16581
16585
16590
16592
16593
16594
16595
16596
16597
16599
16599
16605
16608
16610
16610
16612
16612
16618
16628
16629
16632
16634
16634
16637
16641
16644
16650
16653
16654
16656
16660
16660
16670
16673
16676
16677
16679
16679
16680
16681
16681
16690
16692
16693
16695
16695
16699
16705
16718
16725
16725
16729
16734
16737
16740
16746
16747
16748
16751
16751
16757
16757
16759
16760
16761
16771
16773
16774
16775
16776
16776
16777
16784
16786
16790
16797
16799
16800
16802
16805
16810
16811
16811
16815
16817
16821
16822
16830
16836
16838
16843
16845
16853
16860
16861
16869
16873
16874
16877
16882
16887
16887
16888
16893
16894
16894
16895
16897
16899
16902
16908
16911
16915
16915
16916
16918
16919
16927
16930
16934
16936
16938
16940
16940
16947
16950
16954
16955
16956
16959
16959
16960
16961
16962
16967
16971
16972
16972
16978
16981
16985
16985
16986
16988
16991
17001
17009
17011
17013
17019
17019
17027
17034
17034
17039
17042
17050
17050
17051
17051
17058
17059
17066
17071
17071
17079
17083
17090
17090
17092
17095
17097
17102
17105
17119
17122
17122
17126
17127
17131
17133
17134
17143
17143
17150
17154
17156
17159
17162
17162
17164
17174
17179
17189
17190
17197
17198
17200
17207
17208
17211
17211
17211
17217
17224
17225
17227
17228
17229
17230
17231
17233
17233
17235
17241
17243
17247
17247
17248
17256
17257
17265
17266
17267
17268
17269
17271
17271
17278
17278
17285
17287
17292
17297
17300
17302
17305
17309
17318
17320
17323
17324
17325
17336
17338
17341
17345
17353
17356
17363
17364
17365
17365
17371
17372
17377
17379
17383
17384
17386
17390
17392
17400
17401
17402
17402
17402
17404
17406
17408
17408
17410
17425
17431
17440
17441
17443
17443
17444
17444
17449
17457
17462
17465
17466
17467
17467
17468
17470
17471
17478
17480
17483
17486
17490
17494
17494
17498
17506
17507
17508
17510
17514
17517
17520
17525
17526
17530
17535
17535
17537
17541
17542
17544
17545
17545
17552
17557
17558
17561
17563
17569
17571
17575
17577
17577
17578
17581
17585
17586
17589
17591
17596
17600
17607
17611
17611
17612
17615
17616
17617
17618
17623
17623
17634
17634
17637
17640
17645
17646
17648
17650
17654
17660
17660
17661
17662
17665
17679
17680
17680
17683
17691
17697
17701
17702
17703
17711
17712
17716
17725
17727
17728
17731
17735
17738
17739
17743
17751
17757
17759
17764
17766
17769
17783
17785
17792
17800
17804
17809
17809
17812
17813
17814
17819
17823
17827
17830
17836
17837
17839
17841
17843
17849
17850
17854
17854
17856
17858
17862
17870
17870
17872
17873
17877
17878
17879
17880
17885
17887
17888
17891
17897
17898
17900
17902
17904
17905
17921
17922
17933
17939
17942
17942
17949
17949
17950
17959
17959
17961
17961
17968
17968
17974
17980
17984
17990
17990
17993
17995
17995
18008
18010
18011
18017
18019
18024
18029
18030
18033
18033
18035
18038
18039
18057
18058
18060
18060
18071
18076
18080
18080
18084
18085
18085
18091
18093
18097
18102
18105
18108
18114
18115
18118
18121
18123
18124
18125
18128
18132
18133
18151
18159
18161
18161
18162
18164
18165
18170
18173
18175
18179
18180
18183
18184
18187
18187
18188
18190
18195
18200
18207
18208
18210
18210
18216
18220
18223
18224
18230
18237
18243
18244
18250
18252
18252
18262
18270
18275
18285
18292
18294
18305
18306
18312
18314
18322
18324
18325
18330
18330
18332
18335
18336
18338
18339
18340
18343
18347
18348
18348
18352
18359
18360
18360
18367
18378
18380
18383
18389
18393
18407
18408
18409
18409
18412
18418
18419
18425
18428
18431
18432
18433
18439
18439
18441
18449
18452
18459
18459
18461
18462
18464
18464
18465
18474
18477
18481
18484
18484
18484
18486
18488
18489
18490
18493
18493
18520
18529
18536
18537
18541
18546
18552
18566
18566
18567
18572
18573
18576
18581
18582
18583
18585
18596
18596
18599
18602
18605
18607
18608
18609
18612
18614
18614
18624
18633
18636
18640
18645
18647
18652
18657
18658
18661
18661
18662
18664
18667
18673
18676
18676
18682
18685
18688
18693
18698
18698
18708
18715
18722
18731
18732
18740
18741
18742
18743
18745
18755
18758
18759
18762
18763
18764
18765
18766
18776
18784
18785
18786
18790
18793
18793
18795
18795
18796
18798
18798
18806
18809
18816
18825
18830
18841
18841
18841
18842
18846
18849
18850
18851
18855
18858
18862
18864
18868
18872
18873
18875
18876
18882
18884
18885
18885
18893
18904
18907
18908
18910
18915
18916
18917
18926
18928
18937
18938
18940
18944
18951
18951
18951
18960
18961
18962
18968
18968
18971
18976
18976
18984
18988
18996
18999
19003
19004
19009
19009
19011
19022
19029
19031
19033
19037
19041
19042
19043
19044
19046
19051
19052
19054
19056
19062
19066
19076
19088
19088
19089
19092
19095
19102
19102
19105
19105
19113
19116
19119
19120
19125
19126
19127
19136
19139
19139
19141
19141
19144
19150
19152
19152
19163
19168
19168
19169
19170
19171
19176
19186
19190
19190
19193
19194
19202
19202
19203
19205
19208
19213
19215
19218
19219
19219
19226
19227
19229
19231
19233
19234
19234
19236
19238
19241
19243
19243
19243
19245
19248
19249
19251
19256
19258
19258
19271
19271
19274
19282
19285
19285
19288
19299
19299
19300
19303
19309
19312
19312
19316
19317
19318
19324
19324
19324
19324
19326
19326
19327
19333
19333
19333
19335
19337
19339
19343
19344
19345
19346
19351
19353
19357
19358
19360
19366
19369
19373
19375
19378
19390
19395
19395
19401
19408
19408
19408
19409
19415
19416
19417
19424
19439
19440
19450
19459
19462
19468
19468
19469
19470
19474
19480
19485
19490
19493
19497
19498
19500
19501
19501
19503
19504
19506
19506
19506
19515
19521
19523
19523
19525
19528
19535
19541
19545
19547
19554
19565
19567
19571
19572
19573
19581
19585
19587
19594
19598
19599
19603
19604
19612
19613
19624
19631
19631
19635
19638
19641
19644
19650
19654
19654
19654
19664
19667
19669
19671
19672
19680
19687
19692
19698
19699
19700
19700
19702
19702
19705
19713
19718
19718
19721
19723
19723
19727
19730
19730
19735
19737
19740
19750
19751
19752
19752
19757
19761
19766
19771
19772
19774
19781
19782
19793
19800
19800
19802
19808
19813
19816
19818
19819
19820
19829
19834
19838
19838
19838
19840
19842
19843
19848
19850
19853
19854
19858
19860
19863
19865
19869
19871
19871
19872
19873
19883
19886
19888
19889
19890
19890
19892
19903
19904
19906
19908
19911
19912
19912
19919
19926
19927
19927
19930
19932
19942
19944
19945
19946
19949
19954
19956
19959
19960
19964
19968
19970
19972
19981
19981
19985
19986
19987
19988
19989
19990
19991
19995
19995
19995
19996
19997
19997
20001
20002
20004
20006
20006
20008
20018
20020
20033
20039
20044
20053
20055
20062
20076
20078
20078
20078
20079
20081
20097
20099
20099
20101
20103
20104
20108
20110
20112
20113
20114
20122
20126
20128
20133
20133
20134
20144
20147
20157
20167
20171
20173
20173
20176
20177
20184
20185
20187
20188
20194
20198
20199
20205
20208
20214
20215
20218
20222
20226
20226
20232
20233
20238
20240
20255
20256
20258
20258
20259
20262
20263
20264
20264
20265
20266
20267
20279
20285
20285
20287
20296
20307
20315
20322
20324
20324
20326
20328
20328
20329
20332
20332
20333
20333
20334
20335
20336
20341
20342
20343
20347
20348
20348
20361
20362
20363
20363
20363
20365
20377
20377
20379
20382
20388
20388
20390
20390
20392
20395
20395
20398
20400
20405
20407
20407
20410
20413
20414
20417
20417
20424
20424
20425
20425
20427
20428
20429
20434
20435
20439
20444
20444
20444
20450
20451
20451
20453
20453
20454
20460
20465
20469
20471
20476
20479
20479
20480
20484
20486
20489
20491
20492
20492
20493
20495
20500
20501
20513
20514
20518
20519
20519
20521
20525
20525
20526
20530
20533
20540
20549
20549
20551
20563
20565
20566
20566
20572
20572
20574
20575
20575
20576
20578
20579
20581
20585
20585
20586
20587
20591
20592
20592
20594
20597
20599
20612
20617
20622
20623
20623
20640
20642
20643
20645
20645
20647
20648
20652
20660
20665
20672
20672
20681
20681
20687
20692
20693
20695
20700
20707
20710
20714
20718
20724
20725
20726
20730
20735
20738
20740
20748
20748
20750
20751
20752
20753
20754
20758
20760
20763
20764
20766
20766
20766
20781
20798
20799
20807
20823
20823
20824
20825
20833
20844
20846
20848
20858
20858
20862
20865
20866
20867
20869
20873
20887
20887
20898
20899
20899
20901
20908
20914
20915
20925
20927
20932
20936
20940
20952
20953
20954
20963
20965
20965
20966
20966
20967
20971
20972
20975
20979
20982
20998
20998
20999
21000
21000
21003
21004
21004
21004
21007
21008
21010
21013
21022
21030
21031
21039
21041
21043
21047
21047
21061
21075
21077
21077
21081
21085
21086
21092
21092
21093
21096
21098
21100
21102
21106
21116
21117
21118
21127
21129
21132
21133
21136
21140
21146
21147
21148
21153
21156
21158
21159
21161
21173
21176
21184
21188
21189
21191
21191
21198
21199
21203
21208
21210
21212
21215
21216
21220
21232
21239
21239
21243
21247
21248
21248
21249
21250
21254
21260
21264
21268
21268
21270
21278
21279
21281
21283
21287
21290
21293
21294
21298
21303
21304
21305
21315
21315
21318
21325
21327
21329
21335
21346
21348
21348
21355
21357
21358
21358
21360
21361
21364
21367
21371
21372
21374
21376
21377
21379
21381
21382
21384
21392
21395
21399
21405
21406
21407
21412
21415
21415
21419
21425
21425
21427
21436
21438
21438
21447
21450
21450
21452
21453
21453
21454
21458
21460
21462
21465
21466
21468
21476
21479
21480
21490
21496
21497
21497
21499
21501
21514
21516
21518
21520
21521
21522
21522
21533
21535
21536
21537
21545
21554
21558
21560
21561
21561
21562
21564
21564
21569
21570
21573
21585
21588
21591
21593
21596
21599
21599
21599
21606
21608
21611
21612
21612
21613
21616
21620
21624
21627
21631
21633
21640
21642
21642
21648
21649
21654
21654
21657
21663
21664
21666
21669
21673
21678
21679
21679
21680
21680
21682
21683
21684
21684
21684
21686
21686
21694
21696
21704
21706
21707
21711
21713
21720
21721
21725
21730
21732
21735
21738
21744
21744
21750
21764
21766
21766
21772
21776
21780
21783
21784
21788
21794
21795
21796
21797
21801
21805
21806
21807
21808
21814
21815
21816
21818
21820
21823
21825
21829
21831
21832
21835
21835
21836
21838
21845
21846
21846
21847
21848
21851
21855
21856
21859
21859
21861
21861
21865
21865
21866
21867
21870
21872
21873
21873
21907
21911
21911
21912
21914
21916
21918
21927
21937
21939
21941
21944
21944
21944
21945
21947
21956
21957
21961
21961
21964
21966
21969
21973
21974
21977
21979
21998
22008
22010
22022
22030
22036
22036
22043
22043
22051
22053
22056
22056
22064
22067
22067
22069
22069
22071
22072
22072
22073
22083
22085
22091
22093
22094
22096
22096
22097
22100
22101
22103
22105
22109
22111
22111
22113
22117
22118
22120
22120
22123
22125
22127
22128
22131
22132
22138
22139
22142
22144
22158
22160
22164
22165
22165
22170
22172
22181
22188
22189
22189
22190
22193
22197
22205
22211
22213
22216
22235
22237
22239
22240
22241
22245
22247
22249
22250
22254
22256
22258
22268
22269
22274
22278
22278
22279
22284
22290
22293
22294
22296
22297
22300
22302
22308
22308
22309
22317
22317
22323
22323
22329
22332
22335
22342
22345
22348
22349
22350
22356
22362
22363
22364
22366
22386
22386
22387
22391
22392
22392
22394
22404
22405
22407
22408
22418
22429
22431
22433
22437
22442
22442
22443
22448
22450
22460
22462
22468
22469
22471
22472
22477
22490
22493
22498
22499
22503
22506
22508
22509
22510
22511
22515
22516
22518
22520
22524
22526
22528
22528
22530
22531
22537
22546
22551
22560
22561
22565
22567
22567
22570
22572
22577
22580
22593
22597
22600
22602
22603
22604
22606
22606
22608
22609
22614
22622
22622
22624
22630
22631
22631
22631
22632
22632
22638
22645
22645
22646
22651
22663
22664
22667
22670
22677
22679
22681
22685
22686
22692
22694
22695
22696
22703
22706
22713
22719
22719
22720
22722
22723
22723
22729
22733
22734
22735
22739
22740
22741
22742
22742
22743
22744
22746
22746
22760
22763
22765
22767
22767
22768
22769
22769
22772
22772
22773
22775
22778
22780
22782
22788
22794
22795
22796
22798
22799
22799
22801
22803
22807
22814
22822
22829
22829
22831
22833
22833
22834
22841
22846
22854
22856
22858
22865
22866
22867
22867
22868
22869
22873
22877
22878
22879
22881
22889
22889
22889
22895
22897
22898
22902
22905
22915
22917
22923
22928
22929
22930
22930
22934
22934
22938
22942
22943
22944
22945
22947
22949
22953
22956
22957
22957
22958
22959
22960
22961
22963
22964
22966
22970
22970
22975
22976
22980
22980
22986
22988
22989
22991
23002
23003
23004
23005
23015
23017
23019
23028
23031
23036
23038
23044
23049
23050
23051
23054
23055
23056
23058
23060
23066
23069
23069
23069
23071
23072
23073
23076
23082
23088
23091
23094
23096
23099
23108
23110
23115
23116
23117
23120
23121
23123
23123
23126
23131
23143
23145
23150
23152
23156
23161
23164
23164
23165
23168
23170
23172
23174
23181
23183
23186
23188
23189
23197
23201
23210
23212
23213
23215
23216
23217
23218
23220
23221
23223
23224
23228
23229
23239
23240
23240
23242
23242
23243
23247
23251
23252
23254
23255
23262
23264
23267
23269
23270
23273
23273
23276
23278
23283
23290
23292
23292
23295
23304
23306
23310
23312
23312
23316
23318
23338
23339
23345
23346
23348
23359
23359
23361
23364
23367
23368
23370
23371
23373
23373
23378
23381
23382
23385
23387
23393
23393
23395
23400
23401
23405
23406
23406
23407
23411
23412
23418
23420
23421
23421
23421
23426
23427
23430
23433
23434
23435
23438
23443
23445
23447
23448
23452
23453
23453
23453
23454
23455
23458
23460
23470
23474
23475
23477
23479
23479
23480
23499
23504
23504
23507
23509
23514
23520
23521
23523
23525
23527
23528
23528
23528
23534
23538
23539
23542
23561
23571
23572
23573
23575
23575
23580
23587
23596
23609
23611
23624
23628
23633
23634
23634
23640
23641
23641
23642
23643
23650
23654
23656
23657
23661
23662
23665
23666
23667
23670
23674
23680
23684
23687
23691
23715
23717
23718
23721
23722
23728
23733
23742
23746
23746
23752
23753
23755
23758
23761
23761
23763
23771
23774
23780
23781
23784
23790
23791
23805
23806
23807
23813
23814
23821
23822
23826
23827
23827
23828
23833
23835
23839
23844
23855
23861
23865
23867
23868
23870
23875
23876
23880
23882
23884
23885
23890
23894
23895
23903
23904
23913
23914
23918
23919
23929
23929
23937
23940
23943
23953
23953
23956
23957
23963
23967
23968
23970
23972
23983
23984
23989
23996
24003
24005
24008
24009
24009
24010
24014
24022
24028
24030
24031
24038
24040
24049
24051
24052
24054
24055
24058
24061
24065
24070
24073
24075
24080
24085
24089
24090
24093
24097
24105
24110
24117
24119
24122
24124
24125
24126
24132
24137
24143
24158
24160
24161
24164
24172
24173
24175
24177
24179
24180
24184
24186
24190
24193
24194
24202
24202
24209
24210
24213
24217
24219
24220
24223
24224
24225
24229
24231
24232
24237
24256
24258
24263
24273
24278
24280
24284
24284
24285
24289
24289
24295
24300
24301
24310
24312
24314
24314
24315
24315
24315
24316
24317
24317
24319
24321
24329
24332
24333
24339
24340
24341
24345
24349
24349
24350
24351
24351
24355
24356
24367
24370
24370
24374
24393
24405
24405
24409
24411
24415
24418
24418
24426
24431
24436
24440
24442
24451
24460
24462
24464
24465
24465
24470
24472
24473
24479
24488
24489
24490
24491
24492
24493
24501
24504
24506
24515
24517
24517
24523
24523
24524
24527
24527
24528
24530
24532
24533
24547
24550
24551
24557
24560
24560
24563
24566
24567
24578
24578
24586
24597
24598
24605
24612
24615
24619
24620
24620
24622
24626
24629
24630
24632
24639
24642
24649
24654
24660
24660
24661
24662
24666
24670
24672
24672
24673
24680
24685
24685
24692
24692
24696
24703
24705
24723
24730
24732
24732
24733
24735
24743
24747
24747
24748
24751
24753
24758
24762
24770
24771
24773
24777
24778
24779
24780
24783
24784
24789
24789
24805
24827
24832
24833
24838
24844
24849
24853
24855
24861
24862
24863
24865
24869
24870
24874
24874
24876
24877
24879
24883
24884
24894
24901
24904
24907
24908
24912
24913
24914
24916
24919
24923
24937
24952
24956
24964
24966
24968
24971
24972
24976
24981
24997
24999
25000
25009
25009
25012
25013
25016
25020
25025
25031
25034
25035
25035
25037
25049
25049
25050
25056
25063
25070
25071
25071
25081
25082
25084
25087
25087
25089
25092
25099
25099
25108
25117
25117
25122
25126
25131
25135
25137
25144
25144
25147
25155
25157
25159
25159
25176
25185
25190
25198
25202
25221
25226
25230
25232
25234
25236
25236
25237
25242
25248
25249
25250
25252
25252
25255
25257
25261
25261
25265
25268
25277
25287
25288
25302
25306
25309
25314
25316
25318
25319
25319
25322
25324
25329
25330
25332
25333
25340
25341
25341
25349
25360
25363
25363
25364
25373
25376
25383
25383
25387
25390
25391
25392
25393
25396
25399
25399
25399
25399
25401
25401
25402
25406
25410
25410
25413
25415
25422
25422
25424
25425
25430
25433
25434
25434
25437
25441
25446
25447
25453
25459
25461
25461
25465
25467
25470
25481
25482
25483
25484
25484
25486
25488
25494
25494
25495
25496
25509
25513
25515
25517
25521
25522
25523
25527
25528
25531
25538
25542
25544
25545
25545
25549
25549
25550
25553
25553
25557
25563
25577
25586
25592
25593
25594
25595
25597
25598
25601
25605
25609
25617
25617
25617
25620
25629
25633
25633
25633
25636
25637
25638
25638
25640
25642
25646
25648
25648
25650
25652
25656
25662
25664
25667
25668
25668
25668
25669
25686
25691
25691
25701
25702
25708
25712
25713
25713
25718
25722
25722
25723
25724
25729
25731
25735
25736
25737
25739
25743
25753
25756
25760
25764
25766
25770
25774
25779
25780
25783
25783
25787
25787
25789
25791
25795
25795
25800
25803
25804
25808
25808
25809
25813
25822
25824
25828
25829
25830
25832
25833
25838
25843
25848
25852
25859
25870
25870
25873
25876
25879
25879
25879
25881
25884
25888
25889
25894
25894
25897
25898
25917
25920
25922
25930
25936
25938
25940
25950
25950
25952
25953
25953
25959
25968
25984
25991
25991
25992
25995
25997
25998
26005
26008
26011
26011
26013
26016
26016
26016
26017
26028
26028
26030
26033
26040
26044
26048
26052
26054
26055
26057
26060
26063
26064
26065
26070
26073
26074
26075
26076
26077
26079
26081
26081
26090
26091
26101
26102
26109
26113
26116
26118
26119
26121
26123
26124
26126
26130
26134
26138
26139
26147
26148
26148
26150
26155
26161
26163
26164
26165
26166
26167
26170
26174
26174
26177
26177
26181
26185
26186
26187
26189
26190
26196
26196
26209
26217
26219
26220
26220
26222
26226
26228
26239
26240
26242
26243
26249
26249
26250
26252
26260
26262
26267
26274
26279
26289
26290
26292
26293
26297
26297
26299
26301
26301
26304
26323
26328
26337
26338
26341
26341
26345
26346
26347
26350
26358
26362
26363
26371
26374
26377
26378
26382
26382
26389
26390
26396
26401
26405
26406
26409
26414
26419
26430
26435
26440
26445
26446
26447
26462
26464
26472
26472
26474
26474
26474
26480
26481
26490
26491
26494
26500
26501
26513
26524
26537
26539
26541
26545
26546
26550
26557
26558
26562
26563
26566
26569
26571
26573
26573
26573
26579
26579
26581
26587
26588
26591
26595
26595
26604
26604
26605
26618
26625
26628
26631
26631
26631
26634
26637
26651
26652
26653
26654
26659
26661
26665
26666
26667
26668
26678
26680
26682
26682
26684
26685
26686
26688
26689
26690
26691
26692
26692
26706
26707
26714
26718
26721
26722
26724
26735
26736
26744
26744
26759
26761
26769
26779
26781
26782
26788
26794
26796
26798
26800
26805
26805
26806
26806
26807
26807
26811
26812
26814
26817
26822
26826
26828
26834
26843
26846
26848
26849
26853
26855
26858
26858
26859
26859
26864
26868
26882
26888
26894
26895
26896
26896
26896
26899
26900
26901
26904
26906
26907
26907
26909
26915
26932
26934
26942
26945
26946
26948
26953
26955
26957
26962
26969
26970
26974
26976
26978
26981
26981
26983
26984
26986
26990
26994
26994
26994
26996
26997
26998
26999
27000
27003
27006
27009
27010
27011
27013
27014
27017
27017
27017
27022
27023
27026
27028
27042
27047
27048
27049
27051
27051
27053
27054
27056
27066
27068
27070
27074
27074
27075
27084
27084
27086
27086
27086
27087
27091
27092
27093
27101
27101
27110
27113
27113
27114
27120
27137
27137
27150
27152
27163
27170
27173
27182
27183
27187
27193
27193
27194
27196
27198
27206
27214
27227
27229
27234
27239
27242
27246
27247
27249
27249
27251
27252
27252
27256
27259
27259
27263
27265
27266
27273
27273
27274
27277
27277
27281
27283
27286
27293
27299
27300
27304
27305
27305
27307
27310
27325
27325
27331
27333
27337
27337
27340
27340
27340
27341
27351
27354
27358
27359
27363
27371
27375
27383
27386
27392
27393
27402
27406
27406
27409
27409
27411
27413
27419
27425
27427
27427
27431
27436
27444
27448
27458
27460
27462
27475
27476
27477
27478
27481
27484
27484
27489
27495
27495
27499
27508
27508
27509
27511
27523
27524
27525
27527
27532
27533
27535
27536
27541
27543
27549
27550
27553
27556
27561
27568
27568
27571
27573
27574
27574
27582
27584
27585
27591
27602
27605
27611
27612
27615
27618
27620
27620
27621
27623
27625
27629
27643
27646
27648
27659
27660
27669
27671
27673
27675
27676
27676
27679
27679
27680
27681
27693
27693
27695
27697
27698
27700
27705
27705
27706
27712
27713
27721
27723
27726
27728
27734
27737
27740
27743
27744
27752
27753
27755
27767
27769
27770
27772
27775
27785
27788
27788
27790
27794
27795
27796
27798
27803
27804
27804
27806
27807
27812
27817
27826
27827
27836
27841
27841
27842
27852
27854
27855
27857
27859
27860
27860
27863
27871
27871
27871
27873
27874
27879
27880
27888
27895
27896
27902
27906
27910
27910
27914
27916
27919
27920
27921
27923
27926
27926
27928
27931
27932
27938
27942
27945
27948
27957
27960
27963
27964
27964
27965
27969
27972
27973
27973
27979
27980
27985
27987
27989
27996
27997
27998
27999
28002
28004
28005
28006
28011
28012
28019
28021
28023
28027
28043
28047
28047
28060
28061
28073
28078
28082
28083
28087
28089
28092
28093
28099
28099
28100
28103
28119
28122
28125
28131
28132
28133
28135
28137
28138
28140
28141
28142
28142
28145
28148
28154
28156
28156
28156
28157
28158
28160
28160
28165
28165
28167
28168
28182
28183
28184
28188
28190
28191
28196
28201
28202
28207
28209
28210
28219
28222
28225
28225
28231
28233
28238
28241
28244
28246
28247
28250
28251
28251
28251
28253
28255
28257
28259
28261
28267
28268
28270
28271
28278
28279
28279
28284
28295
28297
28299
28300
28309
28315
28320
28322
28327
28337
28338
28342
28348
28350
28355
28357
28361
28367
28368
28368
28375
28376
28377
28377
28385
28386
28389
28390
28391
28392
28399
28407
28412
28421
28429
28434
28435
28437
28441
28446
28450
28455
28457
28462
28465
28468
28470
28470
28473
28473
28478
28478
28479
28480
28481
28482
28490
28496
28499
28501
28503
28506
28508
28511
28512
28517
28520
28521
28525
28531
28536
28537
28538
28538
28539
28542
28545
28548
28551
28551
28554
28559
28560
28561
28562
28566
28571
28571
28573
28575
28580
28581
28590
28591
28594
28595
28599
28600
28601
28602
28603
28612
28621
28622
28629
28631
28634
28637
28641
28641
28641
28647
28652
28652
28654
28654
28654
28655
28659
28664
28667
28669
28671
28672
28676
28682
28687
28688
28690
28691
28692
28693
28696
28702
28710
28722
28723
28723
28726
28733
28737
28739
28741
28743
28744
28754
28755
28755
28756
28757
28757
28760
28762
28768
28769
28770
28776
28782
28789
28794
28801
28804
28807
28810
28814
28818
28818
28820
28821
28828
28833
28833
28836
28840
28840
28844
28845
28849
28849
28852
28860
28863
28865
28870
28874
28875
28882
28882
28889
28895
28896
28898
28899
28900
28907
28912
28916
28918
28934
28936
28942
28943
28946
28949
28951
28956
28961
28963
28967
28976
28978
28983
28984
28988
28997
28999
29000
29009
29012
29013
29018
29022
29022
29028
29030
29031
29032
29032
29036
29038
29041
29044
29044
29045
29060
29060
29061
29061
29066
29068
29071
29074
29077
29078
29079
29081
29081
29083
29100
29110
29111
29116
29128
29130
29130
29130
29130
29132
29133
29134
29149
29160
29161
29161
29162
29166
29168
29169
29169
29170
29174
29182
29183
29184
29185
29186
29189
29193
29196
29199
29202
29206
29208
29212
29215
29216
29217
29219
29224
29225
29234
29235
29237
29239
29239
29239
29243
29246
29246
29250
29257
29257
29263
29265
29269
29274
29277
29279
29281
29281
29285
29291
29292
29293
29294
29296
29307
29308
29312
29316
29316
29318
29318
29327
29337
29350
29355
29357
29359
29361
29368
29376
29379
29391
29392
29394
29395
29395
29398
29402
29408
29409
29413
29414
29418
29421
29429
29432
29435
29450
29451
29451
29453
29456
29466
29467
29468
29471
29472
29472
29475
29478
29486
29488
29489
29493
29498
29507
29510
29516
29517
29518
29518
29519
29521
29521
29523
29524
29524
29529
29536
29537
29539
29540
29544
29544
29548
29552
29555
29558
29565
29566
29567
29569
29574
29576
29587
29588
29590
29590
29591
29593
29602
29603
29611
29620
29624
29630
29631
29634
29638
29638
29643
29647
29650
29652
29654
29657
29658
29658
29663
29664
29668
29672
29673
29675
29676
29680
29681
29682
29683
29684
29686
29687
29689
29690
29695
29697
29711
29714
29716
29719
29725
29725
29730
29733
29734
29737
29741
29743
29744
29745
29746
29754
29754
29754
29755
29758
29760
29764
29766
29770
29771
29772
29777
29781
29783
29786
29788
29788
29790
29793
29793
29798
29799
29799
29799
29800
29800
29803
29804
29804
29804
29809
29810
29815
29817
29822
29828
29841
29842
29842
29857
29860
29867
29869
29870
29873
29874
29876
29879
29884
29887
29891
29898
29899
29913
29914
29915
29919
29926
29928
29931
29932
29934
29936
29936
29936
29938
29943
29947
29947
29949
29962
29968
29968
29971
29974
29974
29978
29985
29986
29986
29990
29991
29999
30004
30008
30009
30009
30012
30022
30026
30030
30032
30034
30034
30036
30040
30045
30048
30053
30063
30069
30071
30071
30073
30077
30082
30082
30083
30086
30086
30089
30091
30094
30100
30105
30106
30106
30108
30108
30113
30115
30116
30116
30118
30119
30124
30126
30130
30137
30137
30140
30143
30146
30150
30152
30152
30157
30164
30166
30170
30170
30172
30172
30180
30185
30186
30186
30191
30192
30195
30195
30201
30206
30207
30208
30209
30211
30211
30212
30213
30213
30214
30215
30216
30219
30221
30221
30222
30223
30229
30230
30233
30234
30236
30238
30242
30245
30249
30250
30255
30256
30256
30256
30261
30265
30266
30268
30270
30281
30283
30284
30297
30297
30300
30305
30308
30311
30311
30319
30322
30323
30324
30326
30328
30333
30337
30338
30338
30338
30343
30349
30352
30355
30358
30359
30359
30361
30363
30364
30364
30373
30374
30377
30379
30383
30386
30386
30395
30396
30405
30409
30411
30412
30415
30416
30417
30418
30421
30423
30427
30429
30436
30437
30438
30441
30449
30453
30454
30454
30455
30458
30459
30464
30472
30473
30473
30475
30483
30485
30489
30491
30493
30496
30499
30502
30504
30505
30511
30515
30515
30515
30519
30524
30526
30527
30530
30532
30533
30538
30539
30547
30551
30559
30564
30566
30574
30577
30577
30580
30581
30582
30585
30590
30591
30592
30597
30599
30602
30604
30606
30607
30610
30611
30613
30615
30615
30618
30621
30626
30632
30632
30635
30636
30639
30639
30641
30657
30658
30662
30663
30663
30663
30668
30672
30676
30679
30681
30689
30690
30694
30695
30697
30698
30699
30700
30704
30714
30716
30730
30732
30733
30735
30739
30742
30745
30746
30761
30761
30762
30766
30769
30769
30770
30777
30779
30781
30782
30782
30783
30785
30787
30789
30790
30791
30793
30799
30801
30802
30802
30805
30806
30809
30810
30818
30818
30823
30825
30835
30840
30850
30854
30858
30861
30870
30882
30883
30884
30886
30888
30888
30888
30897
30900
30907
30907
30910
30912
30914
30928
30928
30930
30932
30934
30935
30936
30936
30940
30943
30946
30947
30950
30952
30955
30962
30964
30976
30980
30980
30982
30983
30988
30989
30998
30999
31001
31002
31004
31005
31006
31006
31011
31012
31013
31014
31018
31020
31022
31024
31030
31031
31035
31043
31048
31056
31057
31063
31066
31068
31073
31076
31085
31086
31091
31092
31092
31093
31095
31099
31102
31104
31120
31123
31124
31125
31132
31133
31133
31144
31151
31152
31153
31158
31158
31161
31170
31174
31188
31191
31193
31199
31206
31211
31214
31216
31231
31237
31245
31246
31249
31252
31254
31255
31267
31267
31270
31271
31273
31276
31276
31277
31277
31280
31285
31295
31301
31302
31302
31303
31306
31315
31322
31324
31325
31326
31338
31345
31349
31351
31354
31355
31356
31357
31361
31363
31365
31367
31368
31368
31371
31374
31375
31377
31377
31379
31381
31384
31387
31389
31389
31401
31408
31410
31414
31415
31416
31417
31418
31419
31426
31436
31440
31447
31447
31450
31454
31455
31461
31464
31466
31467
31469
31471
31474
31475
31479
31480
31480
31486
31487
31487
31488
31497
31499
31504
31505
31509
31512
31513
31514
31520
31524
31528
31530
31531
31532
31533
31534
31538
31540
31540
31546
31549
31556
31556
31556
31558
31558
31560
31561
31573
31578
31582
31597
31598
31599
31599
31604
31607
31612
31612
31615
31615
31622
31623
31630
31633
31636
31637
31637
31638
31644
31646
31649
31651
31653
31659
31661
31661
31662
31668
31671
31674
31686
31689
31689
31695
31698
31699
31705
31708
31708
31710
31714
31714
31715
31716
31716
31717
31727
31729
31729
31740
31758
31758
31763
31767
31769
31774
31780
31785
31791
31792
31792
31793
31798
31802
31803
31814
31815
31826
31826
31827
31829
31829
31832
31832
31832
31833
31839
31839
31846
31847
31847
31847
31848
31848
31848
31849
31851
31852
31853
31854
31855
31856
31860
31861
31869
31870
31882
31883
31895
31899
31905
31912
31913
31913
31914
31916
31924
31930
31937
31943
31954
31956
31958
31958
31963
31963
31967
31969
31970
31974
31974
31979
31988
31989
31989
31995
32001
32005
32006
32006
32010
32015
32021
32022
32025
32031
32033
32041
32046
32054
32055
32058
32061
32063
32066
32067
32070
32072
32075
32076
32086
32086
32090
32092
32093
32094
32095
32105
32106
32111
32120
32126
32137
32140
32144
32144
32145
32146
32147
32148
32149
32162
32163
32165
32168
32169
32188
32195
32198
32199
32204
32212
32216
32218
32235
32244
32246
32248
32254
32256
32258
32263
32264
32267
32270
32272
32272
32273
32276
32277
32278
32279
32282
32283
32283
32286
32288
32291
32292
32294
32295
32298
32299
32300
32307
32308
32311
32316
32317
32335
32338
32339
32341
32342
32343
32343
32345
32349
32350
32351
32353
32353
32354
32355
32364
32366
32369
32371
32373
32377
32378
32379
32383
32383
32384
32386
32389
32393
32407
32415
32417
32420
32425
32430
32432
32433
32436
32438
32438
32440
32441
32441
32445
32446
32455
32455
32472
32472
32474
32477
32477
32478
32482
32490
32490
32491
32496
32505
32509
32509
32510
32517
32517
32518
32524
32524
32526
32526
32530
32531
32533
32536
32536
32537
32544
32544
32544
32551
32553
32554
32568
32571
32575
32580
32587
32596
32603
32603
32606
32609
32610
32626
32633
32636
32640
32641
32641
32653
32657
32666
32669
32672
32673
32676
32679
32680
32681
32692
32699
32705
32706
32709
32715
32716
32721
32731
32731
32731
32733
32736
32740
32740
32745
32752
32759
32763
32764
32764
